AdjacencyGraph
1023
15702
0
54
102
157
196
238
275
315
340
393
426
458
482
523
546
576
601
654
683
717
743
778
807
836
853
895
917
941
960
985
1003
1019
1030
1085
1118
1160
1190
1235
1260
1291
1304
1343
1369
1396
1410
1445
1464
1485
1503
1548
1571
1590
1604
1627
1647
1671
1681
1711
1726
1742
1753
1773
1782
1793
1803
1854
1896
1939
1971
2016
2042
2065
2092
2129
2154
2174
2192
2216
2232
2245
2259
2290
2317
2340
2358
2384
2405
2420
2438
2465
2482
2500
2508
2531
2547
2561
2567
2609
2629
2655
2678
2709
2727
2750
2764
2786
2803
2815
2833
2853
2862
2877
2883
2906
2923
2937
2946
2966
2975
2992
3000
3022
3032
3049
3061
3073
3084
3094
3103
3151
3190
3224
3250
3286
3315
3347
3361
3393
3418
3443
3467
3494
3515
3533
3550
3583
3605
3628
3652
3686
3707
3726
3743
3764
3787
3811
3823
3839
3856
3869
3880
3919
3941
3961
3988
4016
4037
4050
4062
4102
4125
4140
4149
4170
4191
4204
4212
4246
4265
4282
4290
4308
4319
4329
4335
4350
4364
4379
4387
4405
4419
4426
4430
4462
4488
4512
4531
4564
4584
4604
4618
4640
4656
4674
4687
4701
4712
4726
4735
4767
4787
4806
4816
4837
4847
4862
4869
4885
4903
4918
4930
4941
4950
4962
4969
4990
5008
5018
5025
5047
5064
5079
5088
5102
5110
5127
5135
5151
5159
5172
5179
5200
5214
5229
5236
5249
5257
5267
5272
5285
5290
5298
5302
5313
5317
5322
5325
5370
5412
5446
5467
5508
5540
5559
5578
5615
5638
5657
5677
5707
5731
5749
5766
5806
5835
5858
5879
5904
5926
5941
5954
5977
5997
6016
6032
6057
6074
6083
6090
6122
6146
6169
6182
6211
6235
6260
6272
6297
6316
6332
6343
6360
6370
6385
6395
6417
6440
6457
6466
6485
6497
6515
6525
6542
6546
6560
6564
6580
6587
6601
6605
6645
6674
6710
6728
6756
6777
6806
6822
6847
6868
6882
6899
6919
6930
6945
6954
6983
7005
7024
7037
7060
7078
7092
7104
7116
7130
7144
7150
7161
7165
7172
7178
7209
7221
7239
7254
7281
7296
7310
7316
7336
7349
7367
7375
7394
7408
7417
7426
7443
7466
7477
7487
7499
7507
7512
7517
7530
7535
7544
7558
7569
7577
7581
7584
7625
7651
7678
7694
7710
7719
7744
7762
7791
7812
7832
7845
7865
7883
7897
7910
7934
7953
7968
7979
7995
8011
8023
8029
8047
8063
8075
8085
8101
8114
8126
8134
8163
8185
8197
8207
8227
8239
8248
8257
8276
8288
8302
8309
8316
8325
8337
8341
8357
8367
8377
8386
8401
8407
8416
8425
8433
8438
8445
8450
8458
8465
8471
8477
8512
8529
8554
8568
8585
8594
8610
8617
8643
8654
8663
8667
8680
8690
8698
8703
8718
8740
8751
8761
8771
8783
8792
8798
8812
8821
8832
8838
8842
8848
8854
8861
8883
8893
8912
8919
8930
8936
8945
8948
8965
8973
8977
8986
8992
8996
9001
9004
9016
9025
9035
9045
9052
9057
9066
9072
9077
9084
9091
9099
9103
9104
9109
9112
9155
9187
9220
9241
9283
9317
9348
9367
9399
9429
9456
9480
9508
9524
9548
9559
9595
9619
9646
9668
9693
9710
9731
9747
9776
9795
9822
9830
9843
9856
9872
9881
9918
9949
9980
10004
10034
10051
10069
10084
10106
10126
10147
10163
10186
10197
10210
10226
10253
10274
10293
10313
10334
10347
10368
10376
10398
10409
10423
10433
10448
10453
10462
10467
10501
10533
10560
10576
10604
10630
10642
10652
10673
10684
10705
10718
10730
10739
10755
10761
10789
10809
10831
10843
10863
10881
10893
10903
10926
10941
10952
10961
10972
10983
10992
10996
11022
11045
11066
11081
11094
11112
11126
11136
11163
11177
11188
11197
11209
11224
11235
11241
11263
11273
11283
11292
11304
11313
11318
11322
11331
11338
11348
11353
11361
11369
11373
11378
11403
11432
11457
11484
11506
11520
11538
11560
11590
11608
11625
11639
11659
11671
11689
11700
11730
11744
11773
11789
11812
11830
11845
11859
11882
11890
11904
11913
11926
11935
11945
11955
11983
12004
12029
12043
12053
12066
12078
12086
12105
12122
12146
12154
12166
12172
12188
12190
12209
12221
12239
12249
12263
12271
12275
12282
12294
12305
12313
12317
12328
12337
12343
12348
12377
12399
12420
12434
12453
12471
12487
12496
12518
12523
12533
12546
12561
12567
12575
12584
12614
12627
12634
12644
12658
12667
12676
12682
12696
12704
12715
12723
12732
12741
12751
12756
12772
12785
12801
12812
12827
12833
12839
12848
12856
12862
12875
12878
12887
12889
12899
12900
12915
12928
12938
12945
12954
12959
12964
12970
12983
12988
12992
12994
13002
13006
13012
13015
13045
13078
13105
13125
13150
13167
13183
13198
13222
13242
13262
13277
13291
13312
13327
13332
13362
13383
13400
13417
13436
13455
13472
13488
13504
13516
13536
13546
13564
13572
13585
13590
13616
13633
13650
13663
13680
13686
13701
13710
13736
13748
13766
13773
13785
13796
13805
13812
13836
13853
13867
13877
13887
13894
13906
13914
13925
13934
13939
13947
13953
13958
13964
13987
14000
14019
14033
14051
14064
14079
14089
14111
14122
14127
14131
14142
14154
14164
14168
14188
14205
14220
14230
14244
14252
14257
14262
14271
14277
14288
14297
14304
14308
14310
14314
14338
14347
14366
14374
14390
14401
14414
14419
14437
14446
14462
14470
14480
14484
14492
14500
14515
14527
14535
14541
14553
14561
14572
14576
14587
14596
14602
14603
14610
14614
14618
14623
14651
14671
14692
14704
14721
14730
14745
14759
14774
14784
14796
14805
14819
14831
14839
14848
14866
14886
14900
14909
14919
14930
14936
14950
14962
14974
14989
14995
15011
15020
15028
15032
15046
15058
15065
15074
15090
15097
15110
15118
15134
15143
15148
15157
15164
15171
15177
15179
15188
15197
15205
15209
15219
15225
15232
15234
15240
15247
15251
15259
15263
15265
15269
15271
15297
15312
15331
15344
15358
15363
15379
15383
15392
15396
15401
15407
15412
15419
15422
15430
15444
15454
15462
15469
15478
15484
15488
15491
15498
15506
15513
15518
15523
15527
15533
15534
15548
15555
15566
15576
15587
15594
15601
15604
15613
15615
15618
15620
15625
15628
15635
15640
15646
15650
15654
15661
15667
15671
15674
15677
15681
15684
15690
15692
15696
15697
15699
1
2
4
5
7
8
10
11
12
16
18
20
21
26
32
33
34
36
44
48
50
64
66
73
80
104
128
129
132
136
144
145
176
192
228
256
258
262
268
269
273
320
352
384
394
512
517
520
545
577
648
649
673
831
0
3
4
5
7
8
9
17
21
23
33
35
36
40
45
48
49
64
65
67
69
77
81
97
129
133
144
161
165
176
185
193
257
261
265
268
273
275
281
289
339
385
513
514
517
545
673
908
0
3
4
6
8
10
14
17
18
22
26
30
32
34
48
50
65
66
74
75
82
83
102
130
132
147
162
164
168
194
256
259
270
272
310
322
326
358
386
390
393
439
512
514
518
526
530
546
592
642
650
770
775
845
873
1
2
7
11
14
15
17
18
19
21
32
33
35
67
71
75
107
131
147
154
257
259
269
273
322
323
343
379
519
522
528
529
538
547
641
643
647
651
771
0
1
2
5
6
12
13
14
16
20
29
37
38
48
64
68
70
76
100
112
128
132
134
140
153
163
257
258
260
262
268
289
326
512
516
518
548
549
580
596
772
835
0
1
4
7
13
19
23
33
37
38
44
53
69
85
129
140
141
149
193
260
261
263
264
320
325
391
516
517
521
525
526
541
653
661
675
776
908
2
4
7
11
12
14
16
20
22
26
34
38
42
68
70
82
110
128
131
132
134
142
148
150
206
230
258
262
263
278
326
358
390
518
519
576
590
655
775
902
0
1
3
5
6
22
23
33
34
39
46
54
67
71
148
151
198
262
263
274
526
535
549
645
799
0
1
2
9
12
16
24
26
32
34
36
40
42
45
56
64
67
69
72
75
76
77
88
91
94
136
137
141
168
172
200
258
264
265
266
267
268
280
282
312
384
392
512
520
584
585
592
641
653
656
673
768
776
1
8
12
13
15
25
29
32
35
40
41
45
72
73
79
130
139
141
168
264
265
267
281
303
323
326
328
417
512
514
536
681
896
0
2
11
14
16
22
26
34
42
46
88
107
130
136
138
142
170
195
266
270
330
448
480
554
602
616
640
651
682
779
841
938
0
3
6
10
15
26
27
33
42
43
65
76
91
131
202
267
271
283
393
527
586
591
643
779
0
4
6
8
9
13
14
15
20
24
28
37
44
52
53
64
68
76
79
92
93
108
129
132
133
140
141
156
264
268
269
272
276
356
396
517
524
543
596
772
781
4
5
9
12
15
20
27
29
45
61
93
141
157
260
268
271
317
521
523
527
548
586
789
2
3
4
6
10
12
15
25
30
34
44
46
74
78
134
138
268
270
275
294
310
332
351
395
462
515
526
540
782
905
3
9
11
12
13
14
29
31
35
44
45
47
141
169
258
270
271
303
399
516
521
522
527
846
904
0
4
6
8
10
17
20
21
24
25
32
35
36
40
44
48
52
53
58
60
62
64
66
80
82
128
144
154
176
210
216
272
273
280
284
308
320
338
352
400
401
404
432
469
512
528
532
569
595
656
689
816
847
1
2
3
16
19
20
25
33
48
81
82
85
145
185
211
258
265
272
273
275
281
288
392
401
529
549
560
561
659
0
2
3
19
24
30
34
46
48
50
52
56
66
80
82
90
144
146
194
210
257
274
290
338
515
517
528
530
534
584
658
784
787
915
3
5
17
18
22
23
31
33
34
49
51
59
66
67
81
82
83
149
274
278
307
346
531
593
787
846
0
4
6
12
13
16
17
21
22
28
32
38
48
68
80
84
86
116
132
148
149
157
164
216
260
316
406
408
516
528
532
535
549
772
827
0
1
3
16
20
22
23
29
52
53
63
68
81
85
125
133
144
149
181
275
340
517
533
535
564
581
629
789
817
2
6
7
10
19
20
21
23
30
38
54
82
84
146
158
178
214
274
278
284
350
400
414
470
518
532
542
798
853
1
5
7
19
21
22
53
67
87
94
156
261
275
277
279
287
519
8
12
16
18
27
28
32
40
44
48
56
57
68
88
89
93
120
152
154
208
256
257
272
280
281
282
312
392
408
520
521
528
531
532
536
538
560
600
602
624
664
847
9
14
16
17
27
29
56
57
61
88
93
153
238
272
286
329
345
529
537
538
664
793
0
2
6
8
10
11
27
40
82
138
140
264
266
280
522
529
530
534
536
538
658
670
792
794
11
13
24
25
26
57
88
91
131
139
155
282
297
339
515
539
594
595
731
12
20
24
29
60
88
89
92
128
154
188
270
272
280
284
314
340
344
350
404
516
524
536
541
556
4
9
13
15
21
25
28
44
62
85
157
277
284
345
539
586
766
785
2
14
18
22
31
38
90
94
138
143
156
158
516
541
542
570
15
19
30
47
62
79
134
159
285
379
523
0
2
3
8
9
16
20
24
33
34
36
40
44
48
49
50
52
68
96
98
104
114
120
128
160
164
166
176
177
181
198
208
228
240
256
272
288
289
293
296
352
417
424
480
516
520
544
552
553
560
561
580
672
748
818
0
1
3
5
7
11
17
19
32
34
35
41
49
51
56
63
97
113
163
168
257
289
290
297
305
528
544
545
547
580
609
624
690
0
2
6
7
8
10
14
18
19
32
33
35
38
40
42
50
66
82
98
107
110
131
138
160
163
171
288
290
294
316
426
512
544
545
546
554
560
562
571
574
614
678
1
3
9
15
16
33
34
38
39
41
43
49
51
58
97
99
107
129
162
165
258
259
291
295
307
538
563
611
738
802
0
1
8
16
32
37
38
40
44
46
48
60
97
100
124
125
126
134
144
164
165
172
188
261
288
292
294
304
352
421
429
438
496
513
514
532
544
548
549
552
556
644
688
821
909
4
5
12
36
49
53
61
69
97
100
165
173
224
229
258
261
325
367
421
518
545
549
646
698
789
4
5
6
20
22
30
34
35
36
46
54
70
100
102
110
166
256
292
294
302
308
358
435
559
614
620
674
678
716
800
803
7
35
46
71
96
102
103
117
128
199
263
303
517
1
8
9
16
24
26
32
34
36
41
42
44
46
56
60
72
96
104
128
136
168
232
267
268
296
314
410
424
516
520
536
546
616
617
621
685
697
712
742
9
33
35
40
47
49
57
59
65
101
105
110
137
168
169
192
267
289
297
305
361
429
552
553
777
824
6
8
10
11
34
40
43
46
58
74
120
130
160
161
168
169
170
250
291
298
318
362
418
430
552
619
873
11
35
42
47
107
109
123
169
171
187
284
523
536
651
0
5
12
14
15
16
24
29
32
36
40
46
60
100
101
134
168
260
264
292
293
297
300
356
427
524
548
551
552
556
574
621
676
713
800
1
8
9
13
15
69
73
140
169
174
257
277
293
300
555
556
557
559
828
7
10
14
18
36
38
39
40
42
44
47
106
138
172
174
300
558
655
683
806
810
15
31
41
43
46
53
103
108
110
135
239
269
279
518
523
525
559
815
0
1
2
4
16
17
18
20
24
32
36
49
50
51
52
56
59
60
80
81
96
97
98
112
121
176
180
247
272
304
305
308
320
336
344
369
404
480
544
546
566
626
640
754
816
1
19
32
33
35
37
41
48
51
53
63
97
112
120
176
180
529
553
561
633
657
673
753
0
2
18
32
34
48
51
54
114
122
146
240
306
338
442
561
562
563
566
19
33
35
48
49
50
56
58
59
114
117
149
305
631
12
16
18
21
32
48
53
54
60
68
84
100
112
118
132
164
176
304
311
516
574
756
773
5
12
16
21
23
37
47
49
52
55
69
125
157
277
309
404
533
565
626
628
7
22
38
50
52
55
59
118
126
134
148
178
246
263
294
306
311
314
316
422
534
550
566
567
53
54
110
127
182
294
305
307
311
548
8
18
24
25
33
40
48
51
57
58
60
88
105
120
124
137
176
184
248
260
314
318
348
376
536
538
568
586
601
696
24
25
27
41
56
59
104
121
153
169
185
249
281
567
569
16
35
42
51
56
59
63
104
154
188
282
310
442
536
546
570
19
41
48
51
54
57
58
299
571
795
827
16
28
36
40
44
48
52
56
63
84
122
124
180
188
316
348
372
556
564
569
13
25
37
172
181
184
188
605
663
16
29
31
126
190
252
284
318
564
572
829
21
33
49
58
60
145
159
166
186
319
0
1
4
8
12
16
65
66
68
70
72
73
75
80
81
82
88
89
96
104
105
128
160
192
194
196
201
208
224
256
264
289
320
325
326
332
345
384
576
578
584
592
603
609
618
704
720
768
831
864
879
1
2
11
41
64
67
69
72
73
80
81
85
96
97
100
103
105
115
129
193
225
227
229
269
320
321
323
327
328
341
449
456
513
576
577
609
615
617
705
769
832
847
0
2
16
18
19
34
64
67
68
70
72
74
81
82
90
96
98
99
106
128
130
145
192
194
195
202
322
336
355
451
514
534
578
579
586
592
594
598
706
720
832
833
834
1
3
7
8
19
23
65
66
71
75
78
79
83
86
89
107
193
195
203
211
291
321
323
327
451
576
577
581
593
627
726
771
4
6
12
20
21
24
32
52
64
66
69
70
71
74
76
80
84
96
97
100
204
215
220
228
269
320
324
334
356
357
364
516
532
540
580
584
597
608
612
706
708
721
835
843
863
1
5
8
37
45
53
65
68
71
76
79
84
85
108
109
197
213
225
321
322
397
452
461
581
605
615
4
6
38
64
66
68
76
79
85
87
98
100
110
198
326
336
362
388
454
534
590
598
608
3
7
39
67
68
69
74
76
78
85
87
101
102
103
150
195
197
198
228
263
326
583
671
834
838
840
966
8
9
40
64
65
66
73
74
75
76
92
99
104
112
121
122
168
169
192
196
200
270
280
328
344
360
426
456
488
520
568
576
584
600
601
712
871
0
9
45
64
65
72
77
88
89
105
107
201
205
235
268
321
329
332
347
525
641
643
712
730
839
2
14
42
66
68
71
72
90
96
98
106
138
194
216
322
330
456
478
522
666
2
3
8
64
67
72
107
126
137
143
218
297
331
379
464
507
603
874
4
8
11
12
68
69
70
71
72
77
94
108
133
148
152
157
204
222
256
332
348
590
622
863
1
8
73
76
97
107
108
114
260
333
590
591
597
605
705
846
14
67
71
86
108
202
206
207
210
332
526
611
845
9
12
31
67
69
70
85
87
104
461
463
525
527
731
0
16
18
20
48
64
65
68
83
84
88
92
96
112
148
154
208
209
224
241
272
304
320
336
337
372
436
464
536
544
592
1
17
19
21
48
64
65
66
91
113
115
118
145
209
250
305
336
340
345
368
369
448
577
581
593
597
852
2
6
16
17
18
19
22
26
34
64
66
86
90
94
95
159
195
210
336
346
578
595
616
2
19
67
80
87
88
91
94
113
197
323
341
467
515
535
593
667
978
20
22
52
60
68
69
80
85
86
92
116
204
220
240
292
317
326
338
529
580
592
596
604
606
616
850
5
17
21
29
65
69
70
71
79
84
92
94
117
120
123
173
197
373
577
581
629
20
67
78
82
84
87
89
98
118
142
231
362
542
628
853
23
70
71
79
83
86
95
134
211
337
341
467
534
539
615
631
660
847
8
10
24
25
27
28
56
64
73
80
83
89
90
92
120
122
204
215
241
328
344
346
512
592
594
596
744
24
28
64
67
73
86
88
93
121
123
219
344
345
369
379
597
600
18
30
66
74
82
88
91
122
156
216
217
218
238
282
286
348
590
598
8
11
27
81
83
90
329
601
12
28
72
80
84
85
88
93
94
95
109
116
216
220
284
380
469
541
604
632
668
717
788
12
13
24
25
89
92
95
216
284
293
351
379
450
533
541
572
8
23
30
76
82
83
85
92
127
305
342
538
590
861
82
87
92
93
135
351
32
39
40
48
64
65
66
68
74
80
98
100
102
104
114
116
121
128
160
168
224
225
226
228
236
261
320
352
353
355
376
423
448
464
482
496
562
568
608
612
800
863
1
33
35
36
37
48
49
65
68
77
99
101
105
107
115
191
226
257
353
593
32
34
48
66
70
74
86
96
102
103
106
114
224
234
242
257
296
322
346
354
546
610
618
738
837
865
35
66
72
97
101
102
105
106
114
115
119
131
179
303
327
577
608
625
674
675
803
819
996
4
36
37
38
44
52
65
68
70
96
101
108
110
112
133
164
188
196
228
229
244
290
356
484
518
548
612
613
614
620
770
41
44
71
97
99
100
102
103
107
108
109
225
227
229
324
356
629
868
2
38
39
71
96
98
99
101
110
133
198
226
231
234
356
366
439
546
550
566
599
608
614
39
47
65
71
98
101
119
162
199
369
423
582
613
874
0
32
40
57
58
64
72
79
96
120
121
160
184
200
226
232
360
380
520
568
616
740
41
56
64
65
73
97
99
109
113
120
123
320
329
381
409
729
807
46
66
74
98
99
110
352
362
380
558
604
682
3
10
34
35
43
67
73
75
77
97
101
227
235
365
523
526
616
675
12
47
69
76
77
78
100
101
109
126
168
228
302
334
352
364
382
545
748
877
43
69
92
101
105
108
333
365
621
6
34
38
41
47
55
70
100
102
106
238
559
622
623
965
123
175
203
231
591
622
4
48
49
52
72
80
100
113
114
116
120
125
164
208
210
230
252
354
498
624
660
871
872
33
81
83
105
112
115
161
186
208
217
337
368
369
473
593
627
879
32
50
51
77
96
98
99
112
118
178
226
534
598
710
65
81
97
99
113
122
210
231
371
20
84
92
96
112
118
180
228
241
244
325
340
356
372
497
516
564
629
630
724
39
51
85
119
149
261
336
357
613
52
54
81
86
114
116
214
230
241
338
454
498
598
631
636
822
889
99
103
117
135
342
495
567
723
24
32
42
49
56
85
88
104
105
112
121
122
200
224
235
248
368
378
524
616
760
857
48
57
72
89
96
104
120
225
235
584
50
60
72
88
90
115
120
126
206
242
522
528
556
563
698
760
893
43
85
89
105
111
126
339
379
554
601
616
636
36
56
60
181
252
308
340
360
376
636
764
827
21
36
53
112
229
252
340
381
620
636
860
36
54
62
75
108
122
123
609
638
766
55
94
223
315
323
474
620
686
952
0
4
6
16
28
32
39
40
64
66
96
129
131
132
136
139
144
148
160
162
176
192
196
197
208
212
224
256
260
261
276
384
388
392
416
448
480
640
642
644
652
704
708
720
736
769
895
896
0
1
5
12
35
65
128
131
133
135
136
137
144
145
161
163
192
196
199
201
207
257
384
385
397
400
417
449
483
516
529
544
640
641
657
704
705
739
769
2
9
10
42
66
131
136
138
139
146
147
154
155
162
194
208
262
384
386
390
400
434
458
514
610
640
642
646
654
655
686
690
786
897
3
6
11
27
34
99
128
129
130
133
134
139
146
161
177
227
257
387
390
391
395
435
491
641
723
897
0
2
4
6
12
20
52
128
133
134
135
137
140
142
148
150
165
192
196
205
206
256
276
352
385
388
390
404
407
452
526
532
582
641
644
645
1
12
21
76
100
102
129
131
132
138
140
143
147
149
165
174
177
197
257
262
421
465
525
532
644
645
647
656
711
4
6
14
31
36
44
54
87
131
132
135
138
143
144
150
167
174
198
398
399
402
408
469
519
642
644
646
652
662
663
804
931
47
95
119
129
132
134
164
199
391
399
403
405
406
519
0
8
10
40
128
129
130
137
140
142
164
169
193
200
202
209
264
272
352
385
392
400
408
470
616
648
652
680
704
777
895
903
8
41
56
75
129
132
136
139
141
160
169
193
201
203
270
273
386
389
392
424
648
649
713
809
903
10
14
26
30
34
46
74
130
133
134
139
142
144
153
168
186
200
202
234
284
411
650
666
905
974
9
27
128
130
131
137
138
141
147
155
159
203
387
391
395
402
409
411
457
641
651
655
706
914
4
5
12
26
45
132
133
136
142
156
167
172
201
204
236
260
328
390
420
422
436
456
521
640
652
682
903
5
8
9
12
13
15
137
139
143
145
149
156
169
173
189
193
205
397
645
661
669
6
10
86
132
136
138
140
143
154
170
203
205
238
266
398
522
540
716
30
75
133
134
141
142
151
163
175
199
203
393
430
463
705
719
973
0
1
16
18
21
36
128
129
134
138
145
146
148
149
152
153
156
163
168
176
224
241
392
528
530
533
656
672
674
680
704
728
769
0
17
63
66
81
129
141
144
153
176
177
184
209
211
257
277
400
643
663
696
721
920
18
22
50
130
131
144
148
154
176
182
186
192
398
400
466
513
523
656
658
708
722
802
912
2
3
130
133
139
151
154
163
167
177
178
179
208
219
403
406
531
545
643
656
665
671
691
723
6
7
20
54
76
80
128
132
144
146
150
156
157
176
196
198
210
212
272
276
384
406
408
412
420
437
516
572
644
660
661
668
915
979
5
19
20
21
51
117
133
141
144
151
176
197
213
276
285
404
465
469
533
660
757
6
71
132
134
148
151
158
182
210
214
286
434
454
646
660
662
663
688
700
7
143
147
149
150
159
166
183
196
198
223
279
407
413
641
663
790
24
76
144
154
184
189
193
216
282
394
408
410
441
648
658
664
668
686
714
779
921
4
25
57
138
144
145
155
157
158
185
187
193
217
273
281
521
569
627
665
667
669
729
920
3
16
24
28
58
80
130
142
146
147
152
158
186
209
218
224
282
346
409
658
659
666
722
730
27
130
139
153
159
410
411
413
475
649
651
920
12
23
30
90
140
141
144
148
157
158
184
204
394
412
660
668
13
20
29
53
76
148
153
156
159
172
183
188
189
221
477
693
938
22
30
150
153
154
156
188
191
212
214
222
414
654
31
63
82
139
151
155
157
221
413
542
660
32
34
42
64
96
104
128
137
162
163
166
168
172
180
184
186
187
192
193
224
225
228
240
256
392
432
480
516
544
610
643
672
680
688
720
722
736
737
744
1
42
113
129
131
163
165
168
244
261
416
417
497
513
544
673
677
685
759
770
863
928
2
35
103
128
130
160
163
164
168
178
179
183
226
430
482
546
643
666
674
682
4
33
34
129
143
144
147
160
161
162
171
175
177
179
226
227
230
289
419
427
481
503
545
549
647
672
691
2
20
32
36
52
100
112
135
136
162
165
172
173
178
188
194
228
294
304
416
422
516
646
690
693
708
710
995
1
35
36
37
132
133
161
164
167
172
173
176
181
229
237
240
241
385
391
545
659
32
38
63
151
160
172
198
228
230
486
546
690
993
134
140
147
165
171
174
228
229
355
423
439
583
2
8
9
33
40
41
42
44
72
96
108
138
144
160
161
162
169
170
172
178
184
186
201
202
232
233
234
240
248
298
326
397
416
424
456
536
568
680
681
700
15
41
42
43
45
57
72
136
137
141
168
170
184
232
233
241
417
426
456
488
553
653
669
10
42
142
168
169
186
195
218
232
238
444
558
672
680
681
34
43
163
167
173
193
299
427
938
8
36
46
61
140
157
160
164
165
166
168
173
182
188
232
244
300
429
445
684
692
37
85
141
164
165
171
172
189
229
237
269
301
396
397
427
441
550
557
685
697
777
45
46
133
134
167
175
189
190
357
394
646
682
936
111
143
163
174
197
239
399
686
0
1
16
32
48
49
52
56
128
144
145
146
148
149
165
177
180
204
231
240
242
308
432
434
446
560
656
665
677
688
689
692
738
752
32
131
133
145
147
163
176
179
240
401
432
433
436
533
597
656
696
956
1014
22
54
114
147
162
164
168
179
198
250
400
402
438
562
688
690
691
99
147
162
163
177
178
227
675
48
49
60
116
160
176
182
190
212
244
404
436
437
439
548
566
692
700
21
32
61
124
165
241
439
573
685
923
934
55
146
150
172
180
247
252
438
678
995
151
157
162
239
501
661
56
61
104
145
152
156
160
168
169
186
250
425
452
536
664
1
17
57
153
187
189
305
409
430
675
689
697
745
784
63
113
138
146
154
160
168
170
184
187
190
208
443
696
698
43
153
160
185
186
587
674
952
28
36
58
60
61
100
157
158
164
172
190
238
412
573
664
697
701
733
141
152
157
173
174
185
237
249
380
429
440
447
568
934
62
174
180
186
188
446
690
97
158
307
436
0
41
64
66
72
128
129
132
146
160
193
194
195
196
199
208
210
212
240
320
324
400
448
456
488
640
652
704
744
831
975
983
1
5
65
67
136
137
141
152
153
160
171
192
195
205
208
209
213
225
384
385
449
465
480
657
737
963
2
18
64
66
74
130
164
192
198
240
256
386
414
450
452
454
576
578
707
708
720
738
961
1009
10
66
67
71
82
170
192
193
199
203
211
217
355
375
489
579
675
706
707
64
72
100
128
129
132
148
151
192
197
198
199
206
212
214
228
236
237
242
244
272
320
325
396
448
452
468
517
548
704
709
716
736
69
71
83
85
128
133
149
175
196
213
217
229
245
385
453
492
647
705
773
964
7
32
70
71
102
134
148
151
166
178
194
196
204
206
222
244
470
706
710
724
39
103
129
135
143
192
195
196
207
211
231
326
739
966
8
72
104
120
136
138
201
202
208
232
248
280
328
392
394
448
456
460
488
712
718
720
64
73
129
137
140
168
200
203
209
215
216
235
491
497
576
581
11
66
78
136
138
168
200
203
218
219
222
227
238
430
490
715
746
967
67
111
137
139
142
143
195
201
202
219
231
522
619
68
76
84
88
140
156
176
198
205
206
218
652
716
971
73
132
141
142
193
204
217
253
669
745
840
6
78
122
132
196
198
204
222
223
238
383
398
450
478
78
129
199
223
391
459
510
715
719
24
32
64
80
112
113
128
130
147
186
192
193
200
209
210
212
214
217
219
384
448
468
472
656
665
668
720
721
847
851
919
977
80
81
136
145
154
193
201
208
211
213
214
345
368
464
465
480
593
597
721
725
16
18
78
82
112
115
148
150
192
208
214
219
338
449
450
451
658
666
754
17
67
87
145
195
199
209
467
531
755
128
148
158
180
192
196
208
214
228
277
384
404
448
452
596
605
624
709
724
726
979
69
149
193
197
209
243
245
341
500
980
22
118
150
158
196
208
209
210
212
222
242
246
414
582
694
68
88
201
219
220
309
722
16
20
74
90
92
93
152
201
218
219
248
413
456
474
496
721
90
113
153
195
197
205
208
264
412
473
600
664
665
697
701
733
761
972
75
90
154
170
202
204
216
242
474
479
666
722
730
941
985
89
147
202
203
208
210
215
216
223
243
474
715
68
84
92
215
222
240
388
412
464
596
670
157
159
249
252
255
397
586
652
733
76
158
198
202
206
214
220
405
478
510
734
735
127
151
206
207
219
283
731
37
64
80
96
98
120
128
144
154
160
225
226
228
232
368
416
498
609
640
740
758
65
69
96
101
121
160
193
224
230
240
245
246
425
488
493
714
737
984
96
97
102
104
114
162
163
224
230
491
65
101
107
131
163
179
202
0
32
68
71
96
100
108
116
160
164
166
167
196
212
224
236
246
422
486
576
724
752
37
65
100
101
125
165
167
173
197
230
244
245
321
325
500
705
753
6
112
118
163
166
225
226
229
252
276
422
454
674
715
965
86
102
111
115
176
199
203
718
759
40
104
168
169
170
172
200
224
236
416
457
488
616
672
168
169
236
321
361
617
691
741
98
102
138
168
236
322
364
488
558
590
682
711
746
762
766
873
928
73
107
120
121
201
329
494
738
96
140
196
228
232
233
234
238
252
300
428
453
716
742
748
871
165
173
189
196
239
365
613
719
25
90
110
142
170
188
202
206
236
482
492
622
728
47
175
183
237
429
510
910
32
50
84
160
165
168
176
177
192
194
220
225
248
251
368
420
482
496
720
752
959
80
88
116
118
144
165
169
181
243
247
449
481
658
689
98
122
176
196
214
218
243
248
370
482
531
546
627
688
754
213
219
241
242
561
674
1009
100
116
161
172
180
196
198
229
245
272
342
624
720
197
213
225
229
244
499
504
629
54
214
225
228
250
254
322
358
510
600
48
182
241
727
767
56
120
168
200
216
240
242
444
472
496
738
761
952
57
189
221
252
737
42
81
178
184
246
251
506
1017
240
250
411
507
62
112
124
125
182
221
230
236
249
756
764
205
381
681
732
246
358
420
495
506
221
445
1022
0
2
24
32
38
64
76
128
132
160
194
257
258
263
264
265
276
280
282
288
289
290
296
304
321
322
325
332
336
338
384
386
417
512
513
520
528
648
768
769
770
831
839
899
959
1
3
4
18
24
33
45
97
98
129
131
133
145
256
258
259
265
271
272
273
275
277
288
289
291
320
321
323
340
353
385
392
401
563
649
768
769
777
785
795
800
801
0
4
6
8
15
17
35
37
256
257
259
262
264
265
266
278
290
322
323
324
339
386
387
390
512
522
578
768
770
778
780
784
833
911
2
3
35
257
258
263
271
275
283
291
295
321
323
331
386
387
393
425
514
516
777
4
5
13
20
44
56
77
128
140
261
262
269
270
272
273
276
277
292
293
302
321
324
384
386
388
390
398
404
405
420
436
775
780
782
788
798
831
837
859
899
963
1
5
23
36
37
96
117
128
161
260
262
265
276
279
285
289
293
294
301
302
319
323
325
393
396
455
516
525
772
773
804
868
0
4
6
7
130
133
258
260
261
268
270
271
278
290
302
326
354
514
869
5
6
7
39
54
71
256
259
284
293
391
551
772
775
781
807
836
837
900
5
8
9
12
26
44
64
136
217
256
258
267
268
270
288
292
296
318
328
329
332
344
378
392
394
430
448
468
512
520
525
776
777
788
833
871
903
1
8
9
17
256
257
258
261
267
268
280
281
299
301
321
329
393
397
460
553
649
777
779
8
10
26
142
258
267
271
286
287
290
296
331
334
379
578
793
810
858
918
8
9
11
40
41
264
265
266
270
275
296
303
333
393
396
424
457
779
795
826
0
1
4
8
12
13
14
40
73
262
264
265
269
270
284
308
320
332
392
396
412
424
460
556
568
772
780
808
876
899
0
3
12
47
65
68
173
260
268
272
284
285
321
364
389
397
525
527
781
782
813
840
907
908
2
10
14
15
28
72
137
260
262
264
267
268
271
334
390
398
780
783
11
13
15
257
259
262
266
270
283
327
333
391
396
531
774
782
783
2
12
16
17
24
25
28
32
48
80
136
148
196
244
257
260
269
274
276
280
281
282
288
304
320
338
392
401
402
433
448
464
512
528
592
768
784
787
792
833
0
1
3
16
17
137
153
257
260
275
277
279
286
305
323
340
345
385
394
401
407
411
433
533
785
789
803
912
960
7
18
19
22
272
275
276
278
282
288
306
307
310
320
338
402
442
507
768
796
831
845
913
1
14
17
21
23
257
259
267
273
274
278
279
282
283
305
307
435
771
785
794
795
12
128
132
148
149
230
256
260
261
272
274
277
284
294
310
316
390
412
784
787
788
820
827
835
923
23
29
45
53
145
212
257
260
273
276
278
309
341
343
401
407
415
528
575
785
789
884
6
19
22
258
262
274
275
277
279
326
334
406
535
796
849
23
47
151
261
273
275
278
283
285
311
343
401
954
8
16
24
26
28
72
200
256
265
272
281
312
346
376
392
512
537
664
704
784
788
794
856
1
9
17
24
57
153
265
272
280
285
304
325
337
349
409
524
541
588
601
912
8
24
27
58
90
152
154
256
272
274
275
283
314
330
346
376
378
537
538
11
223
259
271
275
279
282
284
331
346
350
385
446
571
787
792
16
22
28
29
43
62
92
93
138
263
268
269
276
283
285
292
316
332
348
349
404
408
412
796
919
31
149
261
269
279
281
284
287
309
405
413
429
445
533
613
797
924
25
90
150
266
273
316
410
606
989
23
266
285
319
390
411
415
17
32
34
36
256
257
264
272
274
289
290
292
294
298
304
306
320
352
370
384
391
416
417
420
546
620
784
800
801
804
816
818
1
4
32
33
41
64
163
256
257
261
288
293
295
297
299
305
313
353
355
356
420
768
819
880
18
33
34
100
256
258
262
266
288
292
294
296
298
299
366
386
418
450
548
770
800
808
810
35
42
67
257
259
293
299
323
385
434
771
803
896
36
38
44
84
260
264
284
288
290
293
295
300
340
352
356
397
416
417
424
429
485
548
556
580
774
804
806
869
899
32
44
45
93
260
261
263
289
291
292
301
305
309
335
357
365
391
431
545
549
769
805
811
822
14
34
36
38
54
55
164
261
276
288
290
295
310
420
430
436
485
550
800
804
837
865
901
934
991
35
259
289
292
294
390
391
423
437
802
806
829
32
40
98
256
264
266
267
290
297
298
302
312
328
332
354
362
364
417
484
553
680
801
810
811
883
27
33
41
44
75
289
296
313
329
333
361
363
769
811
828
839
873
895
992
42
168
288
290
296
312
314
394
424
554
681
782
800
825
833
873
59
171
265
289
290
291
302
367
395
425
810
44
45
46
172
236
292
303
316
364
366
396
397
430
492
804
812
817
173
261
265
293
317
333
385
429
553
972
38
108
260
261
262
296
299
310
316
318
326
366
430
558
814
9
15
39
99
267
300
310
742
783
803
36
48
52
80
164
256
272
281
288
305
306
308
312
352
376
418
439
440
563
672
800
943
33
41
48
51
55
81
94
185
273
275
289
293
304
306
309
314
369
377
785
816
817
880
920
50
54
274
288
304
305
307
354
370
372
418
499
786
790
803
865
997
19
35
55
191
274
275
306
311
435
16
38
48
124
176
268
304
316
357
372
432
436
496
569
816
822
851
867
975
53
215
277
285
293
305
389
420
438
769
801
817
2
14
58
274
276
294
302
303
314
318
342
374
406
422
442
572
822
915
52
54
55
279
307
403
423
438
787
830
8
24
280
296
298
304
314
318
344
424
505
568
784
796
808
823
879
289
297
317
568
28
40
54
56
282
298
305
310
312
426
434
499
538
810
127
318
498
1010
20
34
54
60
276
284
286
300
302
308
412
420
500
556
827
955
13
84
301
313
341
505
812
42
56
62
264
302
310
312
315
399
414
446
447
571
1019
63
261
287
383
0
5
16
48
64
65
68
80
96
105
192
196
257
268
272
274
288
321
322
324
326
328
336
337
352
354
384
448
450
454
462
480
488
785
833
847
848
849
879
963
65
67
69
73
229
233
256
257
259
260
265
269
320
323
336
337
345
352
448
449
459
577
745
832
837
840
847
959
968
2
3
66
69
74
98
234
246
256
258
320
323
324
326
327
331
334
337
353
356
370
378
450
455
466
482
506
586
833
847
849
851
857
861
959
961
3
9
65
67
83
127
257
258
259
261
273
291
321
322
325
339
451
834
68
101
192
258
260
320
322
325
326
332
340
341
348
354
356
361
386
390
452
453
644
804
835
851
959
960
971
979
5
37
64
116
196
229
256
261
281
323
324
327
328
332
341
375
460
580
581
615
855
2
4
6
9
64
70
71
84
168
199
262
278
302
320
322
324
332
334
343
352
358
386
450
470
835
838
909
961
997
65
67
99
271
322
325
341
351
373
391
453
482
836
870
878
965
9
65
72
88
140
200
264
296
320
325
329
330
336
339
352
360
363
449
460
577
808
839
843
967
983
25
73
91
105
235
264
265
297
328
331
333
334
358
361
365
456
460
584
777
808
984
10
74
282
328
331
332
350
360
362
366
382
450
875
885
75
259
266
283
322
329
330
335
345
354
360
378
379
450
489
837
875
14
64
73
76
78
256
264
268
284
296
324
325
326
330
347
380
381
424
590
844
77
109
267
271
297
301
329
335
365
461
781
68
108
266
270
278
322
326
329
338
344
350
462
488
598
857
293
331
333
359
397
461
587
782
974
48
66
70
80
81
82
117
256
320
321
328
337
338
339
340
341
368
372
400
464
472
512
594
595
597
784
831
847
879
80
87
113
281
320
321
322
336
339
340
346
369
371
461
465
467
478
497
769
854
858
979
16
18
50
84
118
210
256
272
274
334
336
340
368
402
466
594
833
849
865
1
27
123
258
323
328
336
337
341
342
346
352
858
21
28
81
116
124
125
257
273
292
324
336
337
338
341
342
356
360
372
405
466
472
851
854
65
83
87
213
277
317
324
325
327
336
339
340
343
345
369
469
789
835
94
119
244
310
339
340
343
350
374
470
885
923
924
982
3
277
279
326
341
342
358
405
450
470
471
499
28
48
72
88
89
264
312
334
348
376
510
600
25
29
64
81
89
209
273
321
331
341
466
781
784
871
19
82
88
98
154
280
282
283
337
339
374
378
410
600
73
332
365
479
499
857
56
60
76
90
284
324
344
465
477
820
979
281
284
601
988
22
28
283
330
334
342
454
14
93
95
327
375
415
0
16
32
36
96
106
108
132
136
288
292
304
320
321
326
328
339
353
354
357
360
361
362
368
388
480
608
672
832
863
867
96
97
257
289
322
352
357
417
448
449
481
576
98
112
262
296
306
320
324
331
352
358
360
362
367
379
482
837
863
865
66
96
167
195
289
369
371
483
775
801
802
819
834
874
896
12
44
68
100
101
102
116
289
292
322
324
340
357
358
364
368
372
380
452
484
612
621
773
822
863
867
996
68
117
174
293
308
352
353
356
367
373
421
727
809
868
962
2
6
38
246
254
326
329
343
354
356
359
362
484
931
335
358
373
375
487
511
72
104
124
328
330
331
340
352
354
361
405
416
490
507
740
839
863
868
871
881
41
233
297
324
329
352
360
377
489
609
617
621
1003
42
70
86
106
296
330
352
354
358
376
378
480
489
490
618
623
865
1017
297
328
367
489
832
840
878
905
68
108
234
269
296
300
356
365
366
369
380
492
620
801
843
867
869
875
891
107
109
237
293
329
333
347
364
379
589
621
750
796
813
102
290
300
302
330
364
367
462
494
37
299
354
357
363
366
371
503
873
81
113
120
209
224
240
336
338
352
356
372
416
432
496
564
594
887
48
81
89
103
113
305
337
341
355
364
370
373
382
469
498
624
674
817
848
872
882
883
1008
242
288
306
322
369
371
374
377
382
432
498
115
337
355
367
370
465
497
498
799
880
60
80
116
306
308
336
340
356
368
373
464
806
85
327
357
359
369
372
493
677
310
342
346
370
502
195
325
351
359
886
56
96
124
280
282
304
344
362
380
504
879
883
887
305
361
370
737
872
120
264
282
322
331
346
362
507
794
3
31
75
89
93
123
266
331
354
365
506
507
824
890
92
104
106
189
332
356
364
376
504
632
780
105
125
253
332
621
777
852
860
108
330
369
370
206
319
886
0
8
64
128
129
130
148
193
208
212
256
260
288
320
385
386
388
390
392
394
396
400
416
432
448
457
464
466
480
481
484
641
642
768
771
895
896
935
959
961
992
1
129
132
136
165
193
197
257
273
283
291
301
384
387
389
393
401
405
409
425
448
600
641
769
916
944
2
130
137
194
256
258
259
260
290
324
326
384
394
402
403
404
416
418
426
448
450
456
642
644
788
897
901
131
139
258
259
385
391
396
403
416
431
461
643
785
786
897
930
70
128
132
220
260
352
384
390
400
402
404
412
420
449
772
911
137
269
309
385
396
487
781
907
936
2
6
130
131
132
140
258
260
270
276
287
295
324
384
388
399
406
408
432
435
454
771
897
901
915
5
131
135
139
165
207
263
271
288
293
295
327
387
419
454
791
900
908
8
17
24
128
136
137
144
160
200
257
264
268
272
280
384
393
394
396
418
425
448
456
460
472
776
865
905
909
991
2
11
143
259
261
265
267
385
392
395
397
399
409
419
425
457
461
489
908
912
920
0
152
156
174
200
264
273
298
384
386
392
398
399
410
424
430
458
779
898
905
14
131
139
299
393
426
459
483
774
906
921
960
970
12
173
196
261
267
268
271
300
384
387
389
392
408
444
460
648
652
907
921
1005
69
129
141
168
173
221
265
269
292
300
335
393
399
413
461
775
908
940
134
142
146
206
260
270
394
399
406
447
462
775
778
989
15
134
135
175
318
390
393
394
397
398
431
467
520
16
22
129
130
136
145
146
178
192
336
384
388
401
402
403
408
432
448
466
496
576
656
784
959
16
17
177
257
272
273
277
279
385
400
403
405
411
415
449
503
848
911
931
134
139
178
272
274
338
386
388
400
450
464
658
917
946
961
135
147
311
386
387
400
401
433
467
690
720
16
28
48
53
132
149
180
212
260
284
386
388
405
486
772
951
135
222
260
285
340
343
360
385
401
404
407
413
437
465
600
916
20
135
147
148
278
310
390
398
478
662
902
981
132
151
273
277
405
468
20
24
134
136
148
152
284
390
396
400
409
412
424
440
456
648
729
919
105
139
154
185
281
385
393
408
415
456
472
473
667
784
912
944
40
152
155
286
346
394
441
443
732
913
921
951
138
139
155
251
273
287
401
415
441
954
148
156
188
217
220
268
276
284
316
388
408
476
776
788
903
919
151
155
159
216
285
397
405
444
469
479
789
813
924
22
158
194
214
318
445
447
479
798
919
923
925
277
287
351
401
409
411
474
958
128
161
164
168
224
232
288
292
360
368
384
386
387
417
418
419
420
424
432
448
456
480
680
887
895
927
931
935
959
9
32
129
161
169
256
288
292
296
353
416
419
421
425
450
488
737
769
801
928
929
932
42
290
304
306
386
392
416
426
776
816
897
1002
163
391
393
416
417
427
435
489
691
929
140
148
240
254
260
288
289
294
309
316
388
416
421
436
482
484
486
903
931
933
36
37
133
357
417
420
423
483
502
553
805
902
54
140
164
228
230
310
438
497
662
96
103
167
295
311
421
439
806
994
32
40
137
168
267
268
292
298
312
332
394
408
416
426
428
440
458
776
808
184
225
259
299
385
392
393
417
433
776
896
935
34
72
169
314
386
395
418
424
442
457
498
673
935
995
44
163
171
173
419
491
952
236
424
430
444
676
765
939
36
41
172
189
239
285
292
301
940
42
143
162
185
202
264
294
300
302
394
428
682
293
387
399
710
16
160
176
177
308
368
370
384
390
400
416
433
444
496
927
943
177
272
273
403
425
432
912
944
994
1007
130
150
176
291
314
435
482
498
499
610
38
131
275
307
390
419
434
449
571
80
140
177
180
191
260
294
308
420
440
496
500
565
692
789
148
180
295
405
497
863
36
178
182
309
311
422
486
502
933
2
102
167
180
181
304
423
692
930
189
304
408
424
436
800
824
919
152
173
410
411
488
50
58
274
310
426
694
937
186
410
497
573
824
170
248
396
413
428
432
794
947
172
255
285
414
500
830
932
176
190
283
318
925
957
189
318
398
414
671
781
10
81
96
128
192
196
200
208
212
264
272
320
321
353
384
385
386
392
400
416
449
450
451
452
454
456
457
462
508
704
737
831
901
961
970
65
129
193
210
241
321
328
353
388
401
435
448
465
496
505
959
991
93
194
206
210
290
320
322
326
330
331
343
386
402
417
448
451
454
480
482
704
898
959
960
992
1001
66
67
210
323
448
450
578
643
675
834
849
858
922
962
69
132
184
194
196
212
324
356
448
457
468
472
480
484
863
915
963
197
236
324
327
463
464
485
966
980
70
118
150
194
230
320
350
390
391
448
450
455
466
484
963
1015
261
322
454
483
582
771
787
65
72
74
140
168
169
192
200
216
329
386
392
408
409
416
448
457
458
473
490
588
712
714
935
936
984
139
232
267
384
393
426
448
452
456
465
896
130
394
424
456
474
494
499
959
965
207
321
395
962
200
265
268
325
328
329
392
396
461
462
508
716
907
69
79
333
335
337
387
393
397
460
1004
14
320
334
366
398
448
460
506
79
143
453
970
989
75
80
96
209
220
272
336
372
384
402
453
472
474
496
505
133
149
193
209
337
348
371
405
449
457
469
471
472
475
477
480
753
880
884
961
975
976
146
322
338
340
345
384
400
454
472
482
977
83
87
211
337
399
403
471
475
664
921
196
208
264
407
452
471
500
724
891
963
16
92
134
149
341
369
413
465
477
501
720
980
22
136
198
326
342
343
911
913
981
343
465
467
468
479
981
208
248
336
340
392
409
452
464
465
466
474
728
967
975
113
217
409
456
475
489
505
712
988
127
216
218
219
415
458
464
472
506
844
977
155
465
467
473
961
1016
412
500
508
999
157
348
465
469
797
852
74
206
222
337
406
986
218
347
413
414
471
507
922
10
32
48
128
160
193
209
320
352
362
384
416
450
452
465
482
865
867
895
975
993
999
163
241
353
384
484
491
501
709
928
991
96
162
238
240
242
322
327
354
420
434
450
466
480
483
486
488
506
933
991
129
355
395
421
455
482
906
100
296
356
358
384
420
452
454
481
485
492
292
294
453
484
1004
1006
166
228
404
420
438
482
492
502
993
359
389
998
72
169
192
200
225
232
234
320
334
417
441
482
504
839
887
927
1015
195
331
361
362
363
393
419
473
202
360
362
456
131
201
226
427
481
703
763
873
1006
197
238
300
364
484
486
225
373
501
503
235
366
458
870
994
119
254
559
36
96
216
240
248
308
368
400
432
436
449
464
116
161
201
337
371
422
437
443
511
112
118
224
315
369
370
371
426
434
562
245
306
314
343
347
434
458
503
507
894
213
229
316
436
445
468
476
183
469
481
493
982
374
421
438
486
503
511
820
885
983
163
367
401
493
499
502
245
376
380
488
508
312
317
449
464
473
938
962
250
254
322
379
462
474
482
75
251
274
360
378
379
479
499
448
460
476
504
972
207
222
239
246
344
359
497
502
0
2
4
8
9
16
34
88
256
258
264
272
280
336
513
514
516
517
520
521
528
532
552
553
561
576
578
580
592
593
596
613
640
648
656
672
680
704
768
776
816
833
895
1
36
65
146
161
256
512
514
515
520
521
528
529
531
536
547
549
561
567
577
587
608
629
641
649
657
677
769
771
777
832
895
1
2
9
36
66
130
259
262
512
513
515
520
522
528
530
547
550
554
560
566
568
576
578
579
580
594
608
640
656
675
770
881
897
14
18
27
83
513
514
517
519
521
522
523
527
545
546
547
603
614
641
643
769
779
4
5
15
20
28
30
32
40
52
68
116
129
148
160
164
259
261
512
517
525
530
532
533
544
548
580
596
598
599
608
612
644
647
652
709
716
768
772
776
790
837
900
0
1
5
12
18
21
39
196
512
515
516
518
519
521
532
533
537
540
551
580
581
641
645
662
677
709
765
769
788
801
835
836
851
899
2
4
6
22
37
47
100
517
524
526
530
532
550
554
566
576
580
582
583
644
658
673
675
740
770
772
775
782
786
897
918
3
6
23
134
135
515
517
523
526
535
551
559
565
577
598
609
641
714
838
0
8
24
32
40
72
104
256
264
399
512
513
514
521
522
523
524
528
536
538
553
576
580
585
600
648
650
681
735
776
780
903
5
13
15
24
140
153
512
513
515
517
520
522
524
526
528
545
553
555
585
587
617
649
651
653
684
719
777
810
815
840
3
15
26
74
122
142
203
258
514
515
520
521
523
526
538
546
554
578
586
634
648
654
682
768
778
779
794
13
31
43
47
107
146
515
519
520
522
525
527
529
538
544
555
572
587
715
729
771
779
906
920
12
28
44
120
281
518
520
521
525
538
540
543
556
558
572
588
620
648
652
654
684
686
692
716
781
810
844
907
5
47
73
79
133
261
264
269
516
523
524
581
589
621
717
908
2
5
7
14
78
107
132
518
519
521
522
538
541
551
556
575
590
646
654
684
774
778
782
845
11
13
15
79
269
515
523
538
557
666
821
3
16
18
20
24
33
122
144
256
272
277
512
513
514
520
521
529
530
536
560
576
592
596
600
624
640
658
720
730
784
785
793
816
847
899
945
3
17
25
26
49
84
129
513
523
528
531
535
537
538
561
565
577
579
592
602
633
681
769
943
2
18
26
144
514
516
518
528
534
535
538
547
562
584
597
602
642
656
658
662
666
698
770
778
818
850
913
19
24
147
211
242
271
513
529
534
535
547
551
561
563
579
586
593
594
643
658
659
856
16
20
22
24
36
68
132
133
512
516
517
518
536
540
542
560
564
566
576
596
709
784
788
796
804
21
53
93
144
149
177
273
285
516
517
565
589
597
660
661
781
884
18
26
54
66
70
87
114
530
531
547
566
570
606
658
660
663
774
781
786
796
798
7
20
21
83
278
519
529
530
531
543
566
581
597
663
773
918
9
24
26
28
40
43
56
58
80
168
184
513
520
528
532
538
540
552
568
584
592
600
601
604
632
648
664
792
923
25
280
282
517
529
541
543
561
569
593
625
654
721
771
785
792
817
848
912
3
24
25
26
35
56
94
282
314
520
522
523
524
526
527
529
530
536
542
575
666
667
670
778
779
873
922
27
29
87
543
570
601
819
921
14
68
142
517
524
532
536
572
580
584
668
692
796
5
28
30
92
93
281
526
537
604
605
717
798
813
22
30
86
159
532
538
566
572
574
606
670
790
791
792
798
823
12
524
535
537
539
567
701
735
877
32
33
34
36
48
80
129
160
161
516
523
545
547
549
552
555
560
561
562
564
572
608
609
648
672
673
676
677
681
755
768
770
800
801
816
869
991
0
1
33
34
37
108
147
163
165
293
515
521
544
546
547
551
552
553
554
561
564
611
672
673
689
753
769
800
801
928
940
2
34
40
48
58
98
102
162
166
242
288
515
522
545
547
548
554
560
562
578
592
594
634
666
672
675
738
760
770
803
806
3
33
513
514
515
530
531
534
544
545
546
556
563
569
587
626
673
683
739
808
819
831
866
932
4
13
36
44
55
100
180
196
290
292
516
546
554
564
565
612
613
621
624
668
674
679
686
688
736
772
791
804
867
927
4
7
17
20
36
37
163
293
513
544
567
568
581
613
677
774
809
54
102
173
294
514
518
551
557
560
578
614
623
652
773
807
812
822
869
44
263
517
519
526
531
545
550
559
565
607
613
615
679
807
32
36
41
42
44
512
536
544
545
553
554
568
584
616
640
672
680
682
696
748
911
951
32
41
49
169
265
296
301
421
512
520
521
545
552
554
556
608
673
810
824
919
10
34
123
298
514
518
522
545
546
548
552
553
555
559
560
566
571
616
618
678
682
45
521
523
544
554
559
571
619
621
651
682
746
751
777
809
1002
28
36
44
45
60
122
268
292
316
524
526
547
553
557
560
572
574
586
782
808
812
939
1005
45
173
527
550
556
559
589
741
781
784
797
46
106
170
234
302
524
647
650
682
686
740
815
941
38
45
47
110
495
519
551
554
555
557
565
801
873
878
930
989
17
24
32
34
176
514
528
532
544
546
550
554
556
561
562
564
570
624
656
674
688
690
697
784
816
904
911
17
32
49
50
243
512
513
529
531
537
544
545
560
562
563
689
737
760
813
848
884
34
50
96
178
498
530
544
546
560
561
563
566
570
594
646
658
690
704
879
35
50
122
257
304
531
547
561
562
567
569
571
595
611
619
678
691
803
825
945
21
60
62
116
368
532
544
545
548
560
566
568
572
628
677
700
822
847
881
1011
1013
53
436
519
529
533
548
551
559
572
695
701
821
880
48
50
54
102
180
514
518
532
534
535
542
554
562
564
567
574
629
674
695
790
822
54
57
119
513
543
549
563
566
56
72
96
104
168
189
268
312
313
514
536
549
552
564
569
570
572
689
793
816
935
951
16
57
60
153
308
537
547
563
568
593
697
30
58
534
539
560
562
568
608
690
693
698
783
826
921
34
59
283
318
435
554
555
563
683
874
62
93
148
310
523
524
540
542
544
556
564
565
568
636
812
181
188
443
607
940
34
44
52
542
556
566
670
682
827
277
526
538
607
894
6
64
65
67
72
194
201
228
353
400
512
514
518
520
528
532
577
578
580
584
608
612
616
636
704
705
706
708
726
831
845
863
867
927
0
65
67
81
85
99
321
328
513
519
529
576
578
581
584
587
589
601
604
608
609
613
617
705
709
712
832
834
835
836
871
873
64
66
82
194
258
266
451
512
514
522
546
550
576
577
586
594
603
608
610
627
655
704
706
711
720
770
881
66
195
514
529
531
581
587
593
595
609
611
708
739
838
910
978
4
32
33
68
84
292
325
512
514
516
517
518
520
540
576
586
588
592
612
620
628
662
704
710
835
837
859
879
21
67
69
81
85
201
325
517
525
535
549
577
579
585
587
592
597
613
615
623
660
709
710
769
791
965
103
132
214
455
518
594
595
599
610
614
710
718
71
167
518
590
597
619
709
838
868
877
8
18
64
68
72
121
329
530
536
540
552
576
577
588
600
608
616
648
652
712
831
8
520
521
581
587
621
704
712
769
839
842
11
13
29
56
66
221
322
522
531
556
578
580
587
594
599
611
618
650
714
738
841
187
335
513
521
523
547
577
579
581
585
586
603
608
281
456
524
580
584
596
606
620
709
716
732
869
365
525
533
557
577
617
734
813
892
6
70
76
77
90
94
234
332
526
583
591
618
719
764
837
877
11
77
111
590
621
715
2
8
64
66
80
84
88
272
512
528
529
536
546
580
581
594
595
597
656
728
760
768
831
847
848
963
975
979
19
67
81
83
97
113
209
512
531
537
569
579
596
597
600
601
721
753
785
848
27
66
88
336
338
368
514
531
546
562
578
582
586
592
595
596
600
626
627
658
664
849
16
27
82
336
563
579
582
592
594
603
850
866
4
12
84
88
212
220
512
516
528
532
588
593
594
597
720
724
772
839
851
879
68
77
81
89
177
209
336
530
533
535
581
583
592
593
596
721
791
848
66
70
90
114
118
334
516
519
606
637
759
849
102
516
582
586
607
639
719
725
727
974
24
72
89
217
246
344
346
385
405
520
528
536
584
593
594
601
604
648
732
760
776
792
863
56
72
91
123
281
349
536
539
577
593
600
633
733
840
856
10
24
529
530
603
604
606
635
720
722
730
64
75
515
578
587
595
602
857
858
84
92
106
536
541
577
600
602
843
851
963
61
69
77
212
541
625
633
638
847
974
976
84
286
534
542
588
598
602
643
734
551
573
575
599
68
70
96
99
102
352
513
514
516
544
553
570
576
577
578
584
587
609
611
624
704
736
738
739
755
863
33
64
65
126
224
361
519
544
577
579
608
610
611
617
625
643
673
704
728
803
817
824
864
98
130
160
434
578
582
609
611
614
619
624
628
642
643
696
738
800
815
871
873
885
35
78
545
563
579
586
608
609
610
615
619
673
736
745
754
68
96
100
356
516
548
576
580
622
806
863
867
868
100
103
117
237
285
512
548
549
551
577
581
708
709
737
836
884
996
1012
34
38
100
102
515
550
582
610
622
718
736
754
867
965
65
69
87
325
551
581
611
637
683
743
10
40
82
84
104
107
120
123
136
232
552
554
576
584
618
620
636
728
740
747
761
801
863
868
874
875
961
40
65
233
361
521
577
589
609
681
705
872
880
888
1001
64
98
362
554
586
590
616
622
686
833
841
42
203
555
563
583
610
611
695
994
38
100
125
127
288
364
524
580
588
616
622
871
40
44
109
356
361
365
381
525
548
555
585
591
647
726
876
76
110
111
238
612
614
618
620
624
639
877
110
362
550
581
639
878
24
33
112
212
244
369
528
548
560
608
610
622
625
626
634
658
736
800
816
847
863
885
99
537
605
609
624
637
689
725
983
1008
48
53
547
594
624
627
634
754
787
885
67
113
153
242
578
594
626
739
753
53
86
564
580
610
630
634
740
756
848
868
1007
21
85
101
116
245
513
566
637
987
116
628
634
732
853
51
87
118
865
92
380
536
637
732
760
839
887
953
49
529
601
605
744
760
1019
522
546
624
626
628
630
696
750
873
889
602
639
744
866
880
118
123
124
125
572
576
616
676
598
615
625
629
632
639
656
701
126
605
750
891
599
622
623
635
637
10
48
128
129
130
140
192
224
512
514
528
552
641
642
644
688
704
706
712
752
895
897
907
961
962
3
8
73
129
131
132
139
151
384
385
513
515
517
519
640
644
647
649
657
659
661
681
707
721
896
901
928
931
960
2
128
130
134
384
386
530
610
640
644
647
656
659
660
672
674
706
707
728
734
743
768
770
802
897
3
11
73
145
147
160
162
387
451
515
531
606
609
610
648
649
651
657
658
667
672
673
705
774
901
934
983
36
128
132
133
134
148
324
386
516
518
640
641
642
646
647
660
661
709
753
756
899
963
7
132
133
141
517
653
655
661
708
709
741
773
900
916
37
130
134
150
164
174
526
562
644
654
662
674
704
708
710
726
820
901
3
133
163
197
516
558
621
641
642
644
659
662
663
707
711
719
771
774
787
898
899
932
0
136
137
152
256
396
408
512
520
522
524
536
544
584
600
643
649
652
660
664
672
680
684
686
688
711
718
895
905
923
0
137
155
257
265
513
521
641
643
648
653
654
672
681
683
706
920
964
2
138
520
558
586
651
652
654
655
658
664
680
684
702
712
770
895
3
10
43
139
155
521
555
643
650
659
667
671
715
902
128
134
136
140
192
204
221
396
516
524
550
584
648
650
654
655
684
716
907
908
5
8
169
521
645
649
684
685
717
733
781
910
130
158
522
524
526
537
646
649
650
652
670
712
744
895
909
910
933
999
6
46
130
139
578
645
650
652
686
727
990
8
16
133
144
146
147
176
177
208
400
512
514
530
560
592
637
642
658
660
661
662
664
668
672
688
690
720
728
730
784
49
129
193
513
641
643
661
662
664
668
673
733
914
976
18
26
146
152
154
210
241
402
518
528
530
531
534
562
594
624
643
650
656
659
667
690
702
731
786
879
911
913
917
17
154
165
531
641
642
647
651
658
691
711
723
755
898
914
915
87
112
148
149
150
156
159
533
534
581
642
644
648
656
661
662
663
669
692
708
796
963
965
5
141
148
183
533
641
644
645
656
657
660
662
663
689
720
725
752
916
134
150
406
422
517
530
580
646
647
656
657
660
661
724
898
61
134
145
150
151
534
535
647
660
661
791
902
914
918
24
25
152
184
188
217
280
467
536
594
648
650
656
657
666
668
688
696
729
903
911
919
921
147
153
176
208
217
667
669
707
74
138
154
162
210
218
527
530
538
546
664
700
921
938
83
153
409
538
643
651
658
665
795
92
148
152
156
208
540
548
656
657
664
700
724
920
141
153
169
205
660
665
795
796
902
26
220
538
542
574
654
671
686
726
926
71
147
447
651
670
702
727
786
902
926
32
144
160
163
170
232
304
352
512
544
545
546
552
642
643
648
649
656
674
682
712
738
744
808
810
943
947
991
0
1
8
49
161
426
518
544
545
547
553
609
611
643
657
679
737
805
896
944
1003
38
99
144
162
187
230
243
369
548
560
566
642
646
672
680
686
689
690
705
736
742
802
897
921
945
5
99
107
179
185
195
451
514
518
546
691
737
738
746
44
428
544
636
678
680
692
780
804
835
161
176
373
513
517
544
549
564
679
681
743
757
868
34
38
182
554
563
676
679
694
742
770
787
933
548
551
673
677
678
683
687
994
136
144
160
168
170
296
416
512
552
648
650
674
676
681
684
686
736
935
991
9
168
170
253
298
520
529
544
617
641
649
677
680
686
737
746
813
10
106
140
162
174
234
430
522
552
554
555
558
574
672
683
690
738
746
760
810
873
904
929
993
46
547
571
615
649
679
682
699
172
521
524
526
648
650
652
653
680
740
806
939
40
161
173
181
653
936
127
130
152
175
524
548
558
618
648
655
670
674
680
681
750
762
679
941
36
150
160
176
178
242
548
560
640
648
656
664
690
691
696
720
732
752
792
16
176
185
241
545
561
568
625
661
674
928
944
33
130
164
166
178
190
403
560
562
570
656
658
674
682
688
692
695
949
147
163
178
233
419
563
659
675
688
759
172
176
180
436
439
524
540
660
676
690
693
700
758
947
157
164
570
692
694
756
757
934
214
442
678
693
565
566
619
690
703
743
791
56
145
177
186
552
610
634
664
688
698
720
728
40
173
185
188
217
560
569
701
731
880
952
37
122
186
530
570
696
752
764
683
729
771
954
150
168
180
564
666
668
692
703
764
931
939
188
217
543
565
637
697
703
725
766
650
658
671
703
764
828
491
695
700
701
702
64
128
129
136
144
192
196
280
448
450
512
562
576
578
580
585
608
609
640
646
706
707
708
720
736
752
895
959
977
65
77
129
143
197
229
576
577
617
643
674
707
713
720
739
836
855
960
961
970
971
976
66
68
139
195
198
576
578
640
642
649
704
707
714
720
730
736
738
770
965
992
993
194
195
641
642
647
665
704
705
706
725
728
736
746
965
68
128
146
164
194
576
579
613
645
646
660
704
710
724
740
743
748
756
869
196
212
481
516
517
532
577
581
583
588
613
644
645
711
717
735
739
972
114
164
198
431
580
581
582
646
708
720
726
742
750
961
965
969
133
234
578
647
648
659
709
960
964
40
72
73
200
456
473
577
584
585
640
650
654
672
716
718
738
768
809
959
969
984
1018
44
137
705
836
839
152
225
456
519
586
706
730
746
887
961
202
207
219
230
523
591
651
721
729
730
896
967
978
38
142
196
204
236
460
516
524
588
652
712
740
748
899
971
92
525
541
653
709
741
200
231
582
614
648
712
719
734
143
207
237
521
590
599
647
718
735
64
66
128
160
194
200
208
240
244
403
469
528
578
596
602
656
661
688
696
704
705
706
710
721
736
760
881
919
977
978
68
145
208
209
216
537
593
597
641
715
720
729
914
146
154
160
215
218
602
987
119
131
147
659
750
755
791
882
978
1014
116
198
212
228
468
596
662
668
708
726
859
889
979
980
209
599
625
661
701
707
733
964
966
67
212
576
621
646
670
710
724
754
247
357
599
655
671
739
144
238
472
592
609
616
642
656
696
707
730
732
753
796
105
153
408
523
664
699
715
721
73
154
218
528
602
656
706
714
715
728
762
27
79
223
658
697
761
979
986
253
410
588
600
630
632
688
728
734
188
217
221
601
653
657
725
734
984
222
589
606
642
718
732
733
763
764
985
222
520
543
709
719
128
160
196
548
608
611
614
624
674
680
704
706
707
720
752
760
160
193
225
249
377
417
448
561
613
673
675
681
743
35
98
176
194
235
248
546
586
608
610
672
675
682
706
712
753
129
199
547
579
608
627
705
709
727
864
994
104
224
360
518
558
616
628
684
708
716
743
748
750
752
765
233
557
645
717
743
996
40
236
303
674
678
710
615
642
677
695
708
737
740
741
998
88
160
192
633
635
654
672
746
185
205
321
611
753
872
202
234
555
675
681
682
707
714
744
749
750
905
938
616
874
1010
32
108
236
552
708
716
740
766
843
746
753
365
634
638
686
710
723
740
746
754
1003
555
176
228
240
640
661
688
698
704
736
740
753
754
790
913
999
49
229
465
545
593
627
644
728
738
745
749
752
914
48
210
242
611
614
626
726
750
752
762
211
544
608
659
723
850
918
52
252
628
644
693
708
758
931
1011
149
677
693
950
1012
224
692
756
766
1011
161
231
598
691
767
994
120
122
546
561
592
600
632
633
682
720
736
916
922
217
248
616
731
1020
234
686
730
754
491
734
124
252
590
698
700
702
734
1019
428
517
740
931
29
126
234
701
748
758
247
759
894
8
64
256
257
258
272
274
289
384
512
516
522
544
592
642
712
769
770
772
776
778
786
792
802
812
831
839
865
912
935
65
128
129
144
256
257
293
297
309
337
385
417
513
515
517
529
545
581
585
768
771
774
776
789
801
816
823
831
847
868
888
912
928
2
100
161
256
258
290
514
518
530
544
546
578
642
650
678
706
768
771
774
778
787
794
802
834
865
927
994
3
67
275
291
384
390
455
513
523
537
647
699
769
770
785
803
819
833
914
962
4
12
20
261
263
268
388
404
516
518
548
596
768
780
781
788
794
805
812
867
903
923
931
959
995
52
197
261
356
535
550
645
775
789
804
805
807
835
836
844
900
955
271
292
395
526
534
549
643
647
769
770
775
782
789
790
802
902
2
6
260
263
355
397
398
518
773
774
790
854
897
900
906
5
8
264
392
412
418
424
425
512
516
520
600
768
769
777
798
800
839
842
844
849
895
903
936
41
136
173
257
259
264
265
329
381
513
521
555
776
781
784
839
842
895
904
935
258
398
522
526
530
538
768
770
782
784
793
794
795
800
809
818
829
835
839
855
10
11
152
265
267
394
515
522
523
538
811
826
839
878
906
258
260
268
270
380
520
676
772
839
843
875
903
907
937
12
263
269
333
345
389
447
524
533
534
557
653
772
777
789
793
797
830
839
844
909
14
260
269
271
298
335
518
526
556
774
778
792
808
845
933
270
271
303
570
815
18
185
258
272
276
280
288
312
336
345
400
409
528
532
557
560
656
777
778
786
787
788
792
816
817
839
847
895
898
911
29
257
273
275
277
305
320
387
528
537
593
771
787
791
800
808
816
854
898
906
912
130
306
387
518
534
658
671
768
784
794
816
824
838
857
862
911
913
18
19
272
276
283
311
455
626
647
678
770
784
785
817
818
902
949
92
260
264
276
280
386
412
517
532
772
784
789
790
796
821
851
852
899
915
13
21
37
273
277
341
413
436
769
773
774
781
788
797
848
852
911
923
924
151
306
516
542
566
752
774
775
788
798
816
818
822
843
916
949
1011
391
542
548
581
597
663
695
723
785
798
819
858
910
914
918
924
26
272
283
536
537
542
600
688
768
782
784
794
796
799
920
952
25
266
528
568
778
781
797
823
888
896
912
922
26
275
280
378
444
522
770
772
778
786
792
808
810
829
841
845
857
913
923
925
59
257
267
275
667
669
778
833
849
910
274
278
284
312
365
532
534
540
660
669
728
788
792
808
852
923
924
925
285
477
557
781
789
793
799
859
22
260
414
534
541
542
776
790
791
810
857
907
925
7
371
792
797
830
38
44
96
257
288
290
294
298
304
440
544
545
610
624
776
778
785
801
802
808
863
864
880
895
947
991
257
288
296
309
355
364
417
517
544
545
559
616
769
800
864
872
887
35
146
295
355
642
674
768
770
774
800
806
808
811
814
818
819
941
38
99
273
291
303
306
546
563
609
771
807
929
930
134
261
288
292
294
300
324
532
548
676
773
806
808
820
835
867
931
293
421
673
772
773
1006
46
292
295
372
423
546
612
684
802
804
808
812
814
927
995
105
263
550
551
773
803
886
902
929
268
290
312
328
329
424
547
556
672
782
785
794
796
800
802
804
806
809
810
812
839
840
855
871
882
921
137
357
549
555
712
778
808
813
872
896
936
944
46
266
290
296
299
314
521
524
553
672
682
794
798
808
825
833
937
1010
293
296
297
779
802
830
937
300
317
550
556
572
768
772
806
808
814
843
923
269
365
413
541
561
589
681
809
876
907
908
302
802
806
812
818
827
845
849
910
47
521
558
610
783
829
838
16
48
288
305
308
418
512
528
544
560
568
624
769
784
785
786
790
817
818
823
879
883
927
945
21
300
305
309
369
537
609
784
787
816
820
824
864
928
943
944
946
32
288
530
778
787
790
802
814
816
820
822
825
881
945
99
289
355
539
547
771
791
802
825
888
276
348
502
646
804
817
818
869
882
883
36
527
565
788
884
892
948
118
293
308
310
356
550
564
566
790
818
957
1013
312
542
769
793
816
825
843
879
41
379
440
443
553
609
786
817
826
848
856
298
563
810
818
819
823
887
953
954
267
570
779
824
888
20
59
124
276
316
574
814
889
45
297
702
894
922
949
62
295
778
794
815
311
445
781
799
811
954
0
64
192
256
260
274
336
448
547
576
584
592
768
769
832
837
848
849
863
871
872
879
895
65
66
321
352
363
513
577
831
836
840
848
865
896
66
258
264
272
298
320
322
338
512
618
771
795
810
834
839
841
865
866
897
66
71
323
355
451
577
770
833
840
850
858
961
993
1016
4
68
276
324
326
341
517
577
580
676
773
778
804
837
839
850
864
883
263
327
517
577
613
705
713
773
832
837
840
859
860
98
260
263
294
321
331
354
516
580
590
831
835
836
838
869
71
326
519
579
583
786
815
837
870
965
73
256
297
328
360
488
585
596
632
713
768
776
777
778
779
780
781
784
808
833
835
871
71
205
269
321
363
521
601
808
832
834
836
10
586
618
794
833
585
776
777
858
68
328
364
604
748
780
790
812
823
845
873
332
474
524
773
776
781
855
875
892
959
968
972
2
78
274
526
576
782
794
814
843
883
15
19
77
862
16
24
65
87
208
320
321
322
336
528
564
592
605
624
769
784
855
887
891
960
320
369
401
537
561
592
593
597
628
789
824
831
832
853
888
913
977
278
320
322
338
451
594
598
776
795
814
831
850
857
912
961
84
530
595
755
834
835
849
862
882
897
208
308
322
324
340
517
596
604
788
855
857
883
911
980
81
381
477
788
789
796
855
884
22
86
630
848
854
337
340
775
785
853
325
705
778
808
844
847
851
852
857
280
531
601
824
872
888
120
322
334
347
603
786
794
798
849
851
855
266
337
339
451
603
791
834
842
1018
260
580
724
797
836
885
889
125
381
836
892
94
322
786
846
850
974
68
76
96
161
352
354
356
360
437
452
576
600
608
612
616
624
800
831
865
871
878
927
991
995
64
609
739
800
801
817
835
880
962
98
294
306
338
354
362
392
480
631
768
770
832
833
863
866
869
889
993
1009
547
595
635
833
865
867
870
994
308
352
356
364
480
548
576
612
614
772
804
866
868
875
891
995
101
261
357
360
583
612
616
628
677
769
867
262
292
364
544
550
588
708
820
837
865
877
909
1005
327
494
838
866
1022
72
112
236
264
345
360
577
610
620
808
831
839
863
881
891
953
967
972
112
369
377
617
745
801
809
831
856
2
42
234
297
298
367
491
538
559
577
610
634
682
843
877
893
75
103
355
571
616
747
930
962
330
331
364
616
780
844
867
876
878
971
268
621
813
875
108
543
583
590
622
869
873
878
327
363
559
623
779
863
875
877
64
113
312
320
336
376
562
580
596
658
816
823
831
888
951
289
305
371
465
565
617
635
697
800
864
883
1012
360
514
564
578
720
818
871
882
369
723
808
820
850
881
296
369
376
816
820
835
845
851
880
885
886
1019
277
465
533
561
613
821
852
888
330
342
502
610
624
626
859
883
893
982
1005
375
383
807
883
368
376
416
488
632
714
801
825
847
985
1015
617
769
793
819
826
848
856
879
884
118
634
724
827
859
865
379
364
468
638
847
867
871
960
589
821
844
860
122
873
885
894
499
575
767
828
893
128
136
297
384
416
480
512
513
640
648
650
654
704
776
777
784
800
831
896
897
899
911
927
930
931
936
960
975
9
128
291
355
384
425
457
641
673
715
793
809
832
895
904
948
959
960
976
1004
130
131
386
387
390
418
514
518
640
642
674
775
833
850
895
898
899
901
903
961
974
394
450
647
659
662
784
785
897
905
930
962
970
256
260
268
292
517
528
644
647
716
788
895
897
901
912
915
923
963
263
391
516
645
773
775
901
909
924
294
386
390
448
641
643
646
897
899
900
908
917
933
973
993
6
406
421
651
663
669
671
774
787
807
910
916
932
959
136
137
140
264
412
420
520
664
772
776
780
897
905
927
967
15
560
682
777
896
906
908
935
967
968
14
138
363
392
394
648
746
898
903
906
909
921
395
483
523
775
779
785
904
905
934
269
389
396
460
524
640
652
780
798
813
908
925
940
951
1
5
269
391
393
397
525
652
813
901
904
907
36
326
392
654
781
869
900
905
239
579
653
654
791
795
814
902
981
258
388
401
470
552
560
658
664
784
786
789
851
895
912
920
928
975
983
146
273
281
393
409
433
537
768
769
785
793
849
899
911
916
944
945
959
962
984
274
410
470
530
658
752
786
794
848
916
919
920
943
946
139
657
659
663
721
753
771
791
918
18
148
310
390
452
659
788
899
917
924
385
405
645
661
760
790
902
912
913
918
948
402
658
901
915
918
925
266
518
535
663
755
791
914
916
917
926
949
950
986
1010
208
284
408
412
414
440
553
664
720
913
920
923
145
153
155
305
393
523
649
668
792
911
913
919
152
395
396
410
467
539
570
664
666
674
808
905
949
985
1014
451
479
538
760
793
828
181
276
342
414
536
648
772
789
794
796
812
899
919
924
947
955
285
342
413
789
791
796
900
915
923
414
446
794
796
798
907
917
987
670
671
918
958
416
432
488
548
576
770
806
816
863
895
903
935
955
991
161
234
417
481
545
641
689
769
817
911
935
943
417
419
682
803
807
933
961
387
439
559
803
874
895
898
934
994
134
358
401
416
420
641
700
756
765
772
804
895
987
992
995
996
417
445
547
647
902
948
996
420
438
482
654
678
782
901
929
934
938
941
949
963
181
189
294
643
693
906
930
933
384
416
425
426
456
568
680
768
777
904
927
928
936
941
943
999
174
389
456
685
776
809
895
935
954
442
780
810
811
954
10
157
171
505
666
746
933
997
1006
428
556
684
700
940
947
956
397
429
545
573
907
939
1005
218
558
687
802
933
935
974
1016
304
432
529
672
817
913
928
935
1007
385
409
433
673
689
809
817
912
948
528
563
674
816
818
912
993
1010
402
817
913
952
444
672
692
800
923
939
963
991
1007
1011
821
896
916
932
944
984
690
787
790
828
918
921
933
757
918
404
410
552
568
879
907
127
187
248
427
697
792
946
632
825
871
969
279
411
699
825
830
936
937
957
316
773
923
927
177
939
446
822
954
1021
415
926
240
256
321
322
324
384
400
416
449
450
458
704
712
772
844
896
902
912
960
963
965
967
975
980
993
999
273
324
395
450
641
705
711
847
891
895
896
959
972
975
976
194
322
326
384
402
448
465
475
616
640
705
710
714
834
849
897
929
975
995
357
451
459
505
640
771
864
874
898
912
970
988
992
193
260
320
452
454
468
592
604
644
660
899
933
947
959
197
649
711
725
998
110
230
327
458
581
614
660
706
707
710
838
959
969
973
975
997
71
199
453
725
202
328
472
715
871
903
904
959
1017
321
844
904
1000
710
712
953
965
985
395
448
463
705
898
962
204
324
705
716
875
217
301
509
709
844
871
960
143
901
965
138
335
599
605
862
897
942
976
192
308
465
472
480
592
895
911
959
960
961
965
976
979
465
605
657
705
896
960
974
975
984
999
208
466
474
704
720
848
1010
1017
83
579
715
720
723
985
986
148
212
324
337
348
592
724
731
975
213
453
469
724
851
959
406
470
471
910
342
501
885
192
328
502
625
643
911
989
225
329
456
712
733
912
948
976
218
734
887
921
969
978
1017
478
731
918
978
1008
629
722
925
931
989
349
473
962
1012
286
398
463
559
983
987
655
294
392
449
481
482
544
672
680
800
863
927
947
995
1003
297
384
450
706
931
962
996
166
480
486
682
706
834
865
901
945
959
1009
423
433
494
619
679
739
759
770
866
930
164
182
426
772
806
863
867
931
961
991
997
99
356
613
741
931
932
992
306
326
938
965
995
1001
1005
487
743
964
476
480
654
752
935
959
976
1000
1003
968
999
450
617
997
418
555
361
673
750
991
999
461
485
896
396
556
869
885
940
997
1017
485
491
805
938
1010
433
628
943
947
1011
1015
369
625
986
1013
194
243
865
993
315
747
810
918
945
977
1006
564
756
758
790
947
1007
613
757
880
988
564
822
1008
177
723
921
454
488
887
1007
475
834
942
250
362
967
977
985
1005
712
858
318
633
764
883
761
957
1022
255
870
1021
